4294967294,1434
4294967279,427
4294967278,400
4294967278,399
4294967279,466
12,8
12,0
12,1
12,7
4294967278,398
4294967278,397
4294967278,396
4294967278,356
4294967279,431
4294967278,355
4294967279,465
4294967279,403
4294967279,464
4294967279,393
4294967279,421
4294967279,284
4294967278,347
4294967278,361
4294967278,359
4294967294,1433
4294967278,395
4294967279,463
4294967279,406
4294967279,462
4294967278,394
4294967279,385
4294967278,317
4294967279,136
4294967278,305
4294967294,476
4294967278,393
4294967279,461
4294967278,392
4294967279,287
4294967279,416
4294967279,280
4294967278,362
4294967278,357
4294967278,345
4294967279,409
4294967279,428
3,2
4294967279,460
4294967279,459
4294967279,399
4294967279,392
4294967278,323
4294967279,390
4294967278,321
4294967278,88
4294967279,133
9,5
4294967278,298
4294967278,391
4294967279,423
4294967278,390
4294967278,285
35,4
4294967278,360
4294967278,358
4294967279,430
4294967279,429
4294967278,330
4294967278,327
17,2
34,10
34,9
4294967278,389
4294967294,1421
14,2
34,8
34,7
4294967278,150
4294967278,349
34,6
34,5
34,2
34,4
4294967278,388
4294967279,283
4294967278,354
4294967279,250
4294967279,246
6,2
4294967279,238
5,2
4,2
4294967279,401
7,2
17,6
17,5
17,4
14,10
14,9
16,5
14,8
4294967294,475
4,4
4294967279,319
4294967279,317
4294967279,312
4294967279,311
13,1
13,11
13,2
4294967279,305
4294967278,296
3,6
14,7
14,11
4294967294,1425
4294967294,1426
18,2
4294967279,162
4294967278,387
4294967279,458
4294967278,352
4294967279,457
28,4
27,5
4294967278,386
4294967294,1424
12,2
18,4
18,5
4294967278,291
4294967279,149
26,4
11,115
11,114
11,113
11,112
11,111
11,110
4294967278,290
4294967278,351
24,4
11,107
11,106
11,105
16,4
14,4
14,6
14,5
4294967278,350
4294967278,139
13,7
4294967294,473
4,5
4,6
13,5
11,8
11,7
11,15
45,0
4294967278,385
4294967278,266
4294967278,346
4294967279,415
4294967279,210
4294967278,334
4294967278,332
4294967279,398
4294967279,396
4294967279,389
4294967279,387
4294967279,314
4294967278,307
4294967279,307
4294967279,176
4294967279,166
4294967278,384
11,104
11,108
4294967279,290
4294967279,288
4294967279,282
4294967279,281
4294967279,413
4294967279,411
4294967279,256
4294967279,408
4294967279,456
4294967278,340
4294967278,338
4294967279,404
4294967279,400
4294967278,328
4294967279,394
4294967278,325
4294967279,391
4294967278,319
4294967278,309
4294967279,313
4294967279,310
4294967279,179
4294967278,303
4294967278,301
4294967279,303
4294967279,171
4294967279,169
4294967279,426
4294967279,425
4294967279,157
4294967279,455
4294967279,152
4294967279,424
4294967279,150
4294967279,420
4294967279,141
4294967279,418
4294967278,277
4294967279,289
4294967279,454
4294967278,289
4294967279,286
4294967279,291
4294967278,287
4294967278,258
4294967278,344
4294967279,242
11,109
4294967279,453
4294967279,407
4294967279,214
4294967279,405
4294967279,212
4294967278,336
4294967279,402
4294967279,452
4294967279,410
4294967279,397
4294967278,320
4294967278,318
4294967278,316
4294967278,314
4294967278,312
4294967278,310
4294967278,302
45,8
4294967279,167
4294967279,165
4294967279,163
4294967278,278
4294967279,159
4294967278,383
4294967279,298
4294967278,382
4294967278,292
4294967279,419
4294967279,297
4294967279,293
4294967278,284
4294967278,283
4294967279,417
4294967278,281
4294967278,288
4294967279,254
4294967279,233
4294967279,229
4294967279,225
4294967278,381
4294967278,339
4294967278,337
4294967278,335
4294967278,333
4294967278,331
4294967278,329
4294967279,395
4294967278,326
4294967278,324
4294967278,322
4294967279,388
4294967279,386
4294967279,384
4294967278,315
4294967278,313
4294967278,311
4294967279,315
4294967278,308
4294967279,182
4294967278,306
4294967278,304
4294967279,308
4294967279,306
4294967279,304
4294967279,302
4294967279,170
4294967279,168
4294967279,299
4294967279,164
4294967278,380
4294967278,293
4294967278,379
4294967278,348
4294967279,151
4294967278,149
4294967279,422
11,14
11,13
4294967278,147
4294967279,147
4294967279,146
52,6
4294967278,145
52,5
4294967279,145
52,4
4294967278,144
52,3
52,2
52,1
4294967294,152
4294967294,479
4294967279,143
12,6
4294967279,142
45,7
45,6
4294967278,141
4294967278,140
4294967279,140
4294967278,138
4294967279,296
4294967278,134
4294967279,295
4294967279,294
7,5
5,5
44,7
44,0
4294967279,292
4294967279,414
4294967279,412
4294967278,343
4294967279,255
4294967278,342
4294967279,252
4294967279,248
4294967279,244
4294967279,240
4294967279,237
44,6
44,5
4294967279,235
4294967279,231
4294967279,227
4294967279,223
4294967279,221
4294967279,219
4294967279,217
4294967279,277
4294967279,215
4294967279,213
4294967279,211
4294967279,209
4294967279,208
4294967279,186
4294967279,183
4294967279,181
4294967279,180
4294967279,178
4294967279,177
4294967278,300
4294967279,175
4294967278,299
4294967279,173
4294967279,172
4294967294,1166
4294967278,297
4294967279,301
4294967278,295
4294967279,300
11,2
4294967278,294
13,8
9,4
9,7
6,5
5,4
6,4
7,4
6,6
5,6
9,6
12,4
12,5
13,6
13,4
3,4
3,5
2,4
2,5
11,4
11,6
4294967294,1422
4294967293,131
4294967293,130
4294967293,129
4294967293,128
4294967293,127
4294967293,126
4294967293,125
4294967293,124
4294967293,123
4294967293,122
4294967293,121
4294967293,120
4294967293,119
4294967293,118
4294967293,117
4294967293,116
4294967293,115
4294967293,114
4294967293,113
4294967293,112
4294967293,111
4294967293,110
4294967293,109
4294967293,108
4294967293,107
4294967293,106
4294967293,105
4294967293,104
4294967293,103
4294967293,102
4294967293,101
4294967293,100
4294967293,99
4294967293,98
4294967293,97
4294967293,96
4294967293,95
4294967293,94
4294967293,93
4294967293,92
4294967293,91
4294967293,90
4294967293,89
4294967293,87
4294967293,86
4294967293,85
4294967293,84
4294967293,83
4294967293,82
4294967293,81
4294967293,80
4294967293,79
4294967293,78
4294967293,77
4294967293,76
4294967293,75
4294967293,74
4294967293,73
4294967293,72
4294967293,71
4294967293,70
4294967293,69
4294967293,68
4294967293,67
4294967293,66
4294967293,65
4294967293,64
4294967293,63
4294967293,62
4294967293,61
4294967293,60
4294967293,59
4294967293,58
4294967293,57
4294967293,56
4294967293,55
4294967293,54
4294967293,53
4294967293,52
4294967293,51
4294967293,50
4294967293,49
4294967293,48
4294967293,47
4294967293,46
4294967293,45
